0 0.9201388888888888 0.25234375 0.1597222222222222 0.1234375
0 0.9541666666666666 0.117578125 0.09166666666666666 0.06953125
0 0.9291666666666667 0.0453125 0.10833333333333334 0.053125
0 0.94375 0.018359375 0.10972222222222222 0.03203125
0 0.5333333333333333 0.034375 0.09722222222222221 0.053125
0 0.075 0.055078125 0.12222222222222222 0.06328125
0 0.7465277777777777 0.09296875 0.1513888888888889 0.084375
1 0.6034722222222222 0.163671875 0.07083333333333333 0.07890625
0 0.043055555555555555 0.009375 0.08611111111111111 0.01875
0 0.8680555555555556 0.57265625 0.2638888888888889 0.290625
