0 0.5444444444444445 0.096484375 0.11666666666666665 0.06953125
0 0.6798611111111111 0.021484375 0.09305555555555556 0.03984375
0 0.8201388888888889 0.020703125 0.09027777777777779 0.03984375
0 0.9368055555555556 0.05 0.1125 0.053125
0 0.9479166666666665 0.015625 0.10416666666666666 0.03125
0 0.9597222222222221 0.117578125 0.08055555555555555 0.06953125
0 0.7388888888888888 0.201953125 0.16666666666666669 0.09140625
0 0.9263888888888888 0.259765625 0.14722222222222223 0.11328125
0 0.10625 0.022265625 0.0763888888888889 0.04140625
0 0.7847222222222223 0.80625 0.4305555555555556 0.3171875
