0 0.44375 0.08515625 0.0763888888888889 0.0375
0 0.55625 0.07734375 0.07361111111111111 0.0328125
0 0.75 0.059765625 0.08333333333333334 0.02578125
0 0.9118055555555555 0.059765625 0.0763888888888889 0.03046875
0 0.9041666666666667 0.2015625 0.18888888888888888 0.0734375
0 0.8465277777777779 0.287109375 0.24861111111111112 0.11171875
0 0.05347222222222223 0.069921875 0.05416666666666667 0.02578125
0 0.2625 0.009375 0.03888888888888889 0.015625
1 0.3104166666666667 0.037109375 0.02361111111111111 0.02890625
1 0.4965277777777778 0.132421875 0.051388888888888894 0.05546875
