0 0.6193333333333333 0.7120853080568721 0.26 0.2725118483412322
0 0.8473333333333334 0.495260663507109 0.132 0.12796208530805686
0 0.95 0.38981042654028436 0.092 0.0924170616113744
0 0.9266666666666667 0.3151658767772512 0.042666666666666665 0.047393364928909956
0 0.804 0.31161137440758296 0.04533333333333333 0.04976303317535545
0 0.9093333333333332 0.7511848341232228 0.18133333333333332 0.2796208530805687
0 0.24933333333333332 0.3068720379146919 0.08266666666666668 0.06872037914691943
0 0.31 0.2819905213270142 0.05733333333333333 0.061611374407582936
0 0.43933333333333335 0.27488151658767773 0.05733333333333333 0.05213270142180095
0 0.4933333333333333 0.26303317535545023 0.050666666666666665 0.05687203791469195
0 0.25733333333333336 0.2476303317535545 0.06133333333333334 0.04028436018957346
0 0.18266666666666664 0.2381516587677725 0.04533333333333333 0.04976303317535545
0 0.15933333333333333 0.22867298578199052 0.044000000000000004 0.04976303317535545
2 0.8633333333333334 0.2962085308056872 0.06266666666666666 0.12322274881516587
