2 0.6473333333333333 0.3874407582938389 0.16666666666666669 0.26303317535545023
3 0.184 0.3009478672985782 0.2533333333333333 0.2037914691943128
0 0.4046666666666666 0.45734597156398105 0.15066666666666667 0.13744075829383887
0 0.434 0.30450236966824645 0.068 0.054502369668246446
0 0.396 0.30924170616113744 0.048 0.05924170616113744
0 0.34199999999999997 0.26895734597156395 0.05466666666666667 0.06872037914691943
0 0.564 0.6694312796208531 0.25066666666666665 0.24881516587677732
0 0.8893333333333332 0.7334123222748815 0.22133333333333333 0.26303317535545023
0 0.878 0.36611374407582936 0.076 0.08293838862559241
0 0.7739999999999999 0.32464454976303314 0.04133333333333334 0.04265402843601896
