2 0.1953125 0.4828125 0.21328125 0.678125
0 0.8578125 0.74609375 0.21484375 0.30703125
0 0.59453125 0.340625 0.07734375 0.1125
0 0.6359375 0.29140625 0.078125 0.08984375
0 0.1390625 0.16640625 0.05390625 0.084375
3 0.19375 0.08046875 0.14921875 0.09375
2 0.034375 0.14453125 0.0578125 0.10859375
0 0.73125 0.2375 0.09609375 0.08125
2 0.7171875 0.3421875 0.08203125 0.17734375
2 0.87890625 0.17734375 0.14140625 0.14296875
1 0.26953125 0.20078125 0.04375 0.08359375
1 0.30390625 0.1984375 0.04296875 0.07890625
1 0.33203125 0.21953125 0.0453125 0.07109375
1 0.3609375 0.2078125 0.03984375 0.08515625
1 0.38515625 0.1984375 0.0453125 0.07890625
1 0.471875 0.215625 0.04609375 0.075
1 0.49765625 0.20546875 0.05234375 0.07421875
1 0.5890625 0.209375 0.05859375 0.0625