2 0.1078125 0.63046875 0.13671875 0.3859375
2 0.61171875 0.603125 0.2 0.73359375
3 0.2 0.203125 0.18828125 0.2921875
2 0.72734375 0.2171875 0.17421875 0.27578125
2 0.62265625 0.2546875 0.15390625 0.2609375
2 0.8671875 0.2765625 0.08828125 0.215625
2 0.92109375 0.17890625 0.15703125 0.28046875
0 0.22265625 0.4453125 0.10625 0.2484375
1 0.37734375 0.24453125 0.04609375 0.125
1 0.4171875 0.2609375 0.05703125 0.10390625
1 0.48125 0.2625 0.04921875 0.125
1 0.525 0.2578125 0.03515625 0.115625
1 0.9234375 0.65234375 0.05390625 0.24140625
2 0.7640625 0.56796875 0.16015625 0.5109375