1 0.73125 0.8734375 0.103125 0.2140625
1 0.240625 0.61015625 0.071875 0.18125
1 0.696875 0.56796875 0.0515625 0.12890625
1 0.66953125 0.49765625 0.04765625 0.1171875
1 0.4125 0.371875 0.0515625 0.1078125
1 0.47734375 0.29765625 0.03828125 0.075
1 0.70078125 0.34609375 0.04921875 0.0765625
1 0.690625 0.4171875 0.0515625 0.103125
2 0.5796875 0.37265625 0.14140625 0.23671875
3 0.63203125 0.17890625 0.07578125 0.10625
1 0.6515625 0.265625 0.03828125 0.06953125
1 0.69296875 0.2375 0.03671875 0.065625