0 0.36484375 0.4515625 0.121875 0.13359375
0 0.46953125 0.46015625 0.10390625 0.12734375
0 0.278125 0.59921875 0.171875 0.18828125
3 0.57109375 0.2921875 0.09296875 0.121875
0 0.55390625 0.38828125 0.07578125 0.08515625
1 0.46875 0.640625 0.0484375 0.16640625
1 0.64609375 0.71328125 0.05703125 0.1703125
1 0.64140625 0.4875 0.03203125 0.10078125
1 0.71015625 0.4671875 0.02734375 0.1140625
1 0.7390625 0.5125 0.02890625 0.1125
1 0.728125 0.39375 0.028125 0.06875
0 0.1171875 0.60625 0.071875 0.134375
0 0.084375 0.79609375 0.16875 0.2703125