0 0.49609375 0.52734375 0.07578125 0.12265625
0 0.55625 0.42890625 0.06171875 0.0796875
0 0.64609375 0.91328125 0.178125 0.13515625
0 0.23359375 0.43984375 0.065625 0.11015625
0 0.46171875 0.30390625 0.028125 0.0421875
0 0.31796875 0.29765625 0.03359375 0.0453125
0 0.50703125 0.31875 0.0359375 0.0484375
0 0.54609375 0.23203125 0.03046875 0.0515625
0 0.05234375 0.903125 0.0734375 0.1546875
0 0.503125 0.27421875 0.02890625 0.0359375
0 0.48359375 0.21328125 0.01875 0.0171875
0 0.234375 0.8359375 0.1234375 0.2515625
1 0.7671875 0.525 0.04140625 0.11640625
1 0.8625 0.68828125 0.06171875 0.15234375
1 0.925 0.6890625 0.05546875 0.15625
1 0.59375 0.3453125 0.021875 0.05390625
1 0.05625 0.45625 0.028125 0.06796875
1 0.021875 0.453125 0.02578125 0.0890625