0 0.671875 0.5890625 0.2984375 0.36484375
0 0.66875 0.37265625 0.18984375 0.1828125
0 0.25625 0.2859375 0.11171875 0.13125
0 0.18359375 0.19921875 0.07421875 0.0875
0 0.2703125 0.18671875 0.06796875 0.065625
0 0.4125 0.26015625 0.096875 0.13125
0 0.20703125 0.15390625 0.05 0.05703125
0 0.11796875 0.1625 0.05234375 0.06328125
1 0.86875 0.5640625 0.15546875 0.29296875
1 0.55390625 0.3640625 0.0765625 0.1734375
1 0.45625 0.3140625 0.0546875 0.1359375
1 0.39296875 0.2671875 0.0484375 0.13125
1 0.3078125 0.25 0.046875 0.109375