2 0.1921875 0.48515625 0.21015625 0.65234375
3 0.19140625 0.078125 0.1484375 0.10234375
2 0.0359375 0.13828125 0.053125 0.10859375
0 0.85859375 0.75234375 0.1984375 0.2890625
2 0.71640625 0.33984375 0.078125 0.2109375
0 0.5953125 0.34296875 0.07109375 0.1296875
0 0.63671875 0.296875 0.07578125 0.125
2 0.884375 0.1765625 0.14140625 0.1609375
1 0.06640625 0.1890625 0.04296875 0.07265625
0 0.13828125 0.17109375 0.0640625 0.08046875
1 0.275 0.20078125 0.034375 0.07109375
1 0.3046875 0.1984375 0.046875 0.06640625
1 0.33046875 0.21875 0.053125 0.06875
1 0.3609375 0.2078125 0.03984375 0.07265625
1 0.38671875 0.20078125 0.0421875 0.08359375
1 0.4625 0.21640625 0.0640625 0.06484375
1 0.4984375 0.20625 0.03984375 0.06875
1 0.59140625 0.2078125 0.04921875 0.07265625
0 0.728125 0.23984375 0.08984375 0.08515625
0 0.4578125 0.0859375 0.0390625 0.03671875
0 0.5765625 0.05390625 0.08046875 0.071875